2024-03-14 16:52:03,780 INFO work1_realworld.py:158  :  alpha = 0.1, beta = 0.1, gamma = 0.1
2024-03-14 16:52:04,323 INFO work1_realworld.py:92  :  [epcho][  0]: loss is 155382.6755
2024-03-14 16:52:04,634 INFO work1_realworld.py:92  :  [epcho][  1]: loss is 111371.4920
2024-03-14 16:52:04,965 INFO work1_realworld.py:92  :  [epcho][  2]: loss is 93295.1252
2024-03-14 16:52:05,304 INFO work1_realworld.py:92  :  [epcho][  3]: loss is 83685.6538
2024-03-14 16:52:05,659 INFO work1_realworld.py:92  :  [epcho][  4]: loss is 77983.0513
2024-03-14 16:52:05,987 INFO work1_realworld.py:92  :  [epcho][  5]: loss is 74722.1933
2024-03-14 16:52:06,290 INFO work1_realworld.py:92  :  [epcho][  6]: loss is 72772.4982
2024-03-14 16:52:06,644 INFO work1_realworld.py:92  :  [epcho][  7]: loss is 72125.0403
2024-03-14 16:52:06,992 INFO work1_realworld.py:92  :  [epcho][  8]: loss is 71781.9544
2024-03-14 16:52:07,327 INFO work1_realworld.py:92  :  [epcho][  9]: loss is 72796.4651
2024-03-14 16:52:07,664 INFO work1_realworld.py:92  :  [epcho][ 10]: loss is 76274.8629
2024-03-14 16:52:08,012 INFO work1_realworld.py:92  :  [epcho][ 11]: loss is 80738.7394
2024-03-14 16:52:08,340 INFO work1_realworld.py:92  :  [epcho][ 12]: loss is 85269.5833
2024-03-14 16:52:08,689 INFO work1_realworld.py:92  :  [epcho][ 13]: loss is 95323.9725
2024-03-14 16:52:09,016 INFO work1_realworld.py:92  :  [epcho][ 14]: loss is 106957.9035
2024-03-14 16:52:09,361 INFO work1_realworld.py:92  :  [epcho][ 15]: loss is 125066.3946
2024-03-14 16:52:09,703 INFO work1_realworld.py:92  :  [epcho][ 16]: loss is 139057.9082
2024-03-14 16:52:10,046 INFO work1_realworld.py:92  :  [epcho][ 17]: loss is 154427.3130
2024-03-14 16:52:10,399 INFO work1_realworld.py:92  :  [epcho][ 18]: loss is 169704.6536
2024-03-14 16:52:10,782 INFO work1_realworld.py:92  :  [epcho][ 19]: loss is 183178.5704
2024-03-14 16:52:11,112 INFO work1_realworld.py:92  :  [epcho][ 20]: loss is 195877.2406
2024-03-14 16:52:11,450 INFO work1_realworld.py:92  :  [epcho][ 21]: loss is 205226.8503
2024-03-14 16:52:11,795 INFO work1_realworld.py:92  :  [epcho][ 22]: loss is 210309.8082
2024-03-14 16:52:12,145 INFO work1_realworld.py:92  :  [epcho][ 23]: loss is 217188.5851
2024-03-14 16:52:12,467 INFO work1_realworld.py:92  :  [epcho][ 24]: loss is 218049.5889
2024-03-14 16:52:12,818 INFO work1_realworld.py:92  :  [epcho][ 25]: loss is 219215.8821
2024-03-14 16:52:13,153 INFO work1_realworld.py:92  :  [epcho][ 26]: loss is 220980.7155
2024-03-14 16:52:13,479 INFO work1_realworld.py:92  :  [epcho][ 27]: loss is 221101.6234
2024-03-14 16:52:13,479 INFO work1_realworld.py:96  :  The convergence condition meet!!!
2024-03-14 16:52:13,667 INFO work1_realworld.py:116  :  [[2.73333333 3.03557312 0.46153846 0.         0.29268293 0.
  0.         0.         5.14285714 0.        ]
 [3.93333333 2.7826087  0.15384615 0.         0.24390244 0.
  0.         0.         4.         0.        ]
 [3.66666667 2.64822134 0.23076923 0.         0.09756098 0.
  0.         0.         3.71428571 0.        ]
 [3.         2.87747036 0.15384615 0.         0.43902439 0.
  0.         0.         3.42857143 0.        ]
 [3.2        2.92490119 0.23076923 0.         0.14634146 0.
  0.         0.         5.14285714 0.        ]
 [3.46666667 3.11462451 0.53846154 0.         0.04878049 0.
  0.         0.         3.71428571 0.        ]
 [3.46666667 2.6798419  0.07692308 0.         0.14634146 0.
  0.         0.         2.28571429 0.        ]
 [3.         2.75098814 0.15384615 0.         0.24390244 0.
  0.         0.         4.         0.        ]
 [3.8        2.6798419  0.15384615 0.         0.48780488 0.
  0.         0.         3.71428571 0.        ]
 [4.46666667 2.77470356 0.15384615 0.         0.14634146 0.
  0.         0.         4.         0.        ]]
2024-03-14 16:52:13,669 INFO work1_realworld.py:117  :  [1.166598498708785, 1.111369062185605, 1.0357503931204886, 0.9898912328392708, 1.1644869022811757, 1.088281891314765, 0.8655487389951861, 1.0148736735163033, 1.083577864341385, 1.1541557841239705]
2024-03-14 16:52:13,672 INFO work1_realworld.py:119  :  [[0.09425287 0.01204593 0.01846154 0.         0.00731707 0.
  0.         0.         0.85714286 0.        ]
 [0.13563218 0.0110421  0.00615385 0.         0.00609756 0.
  0.         0.         0.66666667 0.        ]
 [0.12643678 0.01050881 0.00923077 0.         0.00243902 0.
  0.         0.         0.61904762 0.        ]
 [0.10344828 0.01141853 0.00615385 0.         0.01097561 0.
  0.         0.         0.57142857 0.        ]
 [0.11034483 0.01160675 0.00923077 0.         0.00365854 0.
  0.         0.         0.85714286 0.        ]
 [0.11954023 0.01235962 0.02153846 0.         0.00121951 0.
  0.         0.         0.61904762 0.        ]
 [0.11954023 0.01063429 0.00307692 0.         0.00365854 0.
  0.         0.         0.38095238 0.        ]
 [0.10344828 0.01091662 0.00615385 0.         0.00609756 0.
  0.         0.         0.66666667 0.        ]
 [0.13103448 0.01063429 0.00615385 0.         0.01219512 0.
  0.         0.         0.61904762 0.        ]
 [0.15402299 0.01101073 0.00615385 0.         0.00365854 0.
  0.         0.         0.66666667 0.        ]]
2024-03-14 16:52:13,679 INFO work1_realworld.py:158  :  alpha = 0.1, beta = 0.1, gamma = 1
2024-03-14 16:52:14,235 INFO work1_realworld.py:92  :  [epcho][  0]: loss is 240292.4041
2024-03-14 16:52:14,571 INFO work1_realworld.py:92  :  [epcho][  1]: loss is 196262.8082
2024-03-14 16:52:14,898 INFO work1_realworld.py:92  :  [epcho][  2]: loss is 178192.5176
2024-03-14 16:52:15,237 INFO work1_realworld.py:92  :  [epcho][  3]: loss is 168523.9205
2024-03-14 16:52:15,587 INFO work1_realworld.py:92  :  [epcho][  4]: loss is 162864.6706
2024-03-14 16:52:15,940 INFO work1_realworld.py:92  :  [epcho][  5]: loss is 159341.6470
2024-03-14 16:52:16,284 INFO work1_realworld.py:92  :  [epcho][  6]: loss is 157306.8114
2024-03-14 16:52:16,674 INFO work1_realworld.py:92  :  [epcho][  7]: loss is 156227.4835
2024-03-14 16:52:17,040 INFO work1_realworld.py:92  :  [epcho][  8]: loss is 156819.9403
2024-03-14 16:52:17,385 INFO work1_realworld.py:92  :  [epcho][  9]: loss is 157927.2831
2024-03-14 16:52:17,713 INFO work1_realworld.py:92  :  [epcho][ 10]: loss is 161301.0641
2024-03-14 16:52:18,086 INFO work1_realworld.py:92  :  [epcho][ 11]: loss is 167683.2154
2024-03-14 16:52:18,449 INFO work1_realworld.py:92  :  [epcho][ 12]: loss is 175638.1646
2024-03-14 16:52:18,777 INFO work1_realworld.py:92  :  [epcho][ 13]: loss is 189801.8908
2024-03-14 16:52:19,078 INFO work1_realworld.py:92  :  [epcho][ 14]: loss is 207838.9783
2024-03-14 16:52:19,448 INFO work1_realworld.py:92  :  [epcho][ 15]: loss is 229566.8754
2024-03-14 16:52:19,798 INFO work1_realworld.py:92  :  [epcho][ 16]: loss is 260402.9495
2024-03-14 16:52:20,150 INFO work1_realworld.py:92  :  [epcho][ 17]: loss is 279597.7412
2024-03-14 16:52:20,499 INFO work1_realworld.py:92  :  [epcho][ 18]: loss is 298868.0619
2024-03-14 16:52:20,871 INFO work1_realworld.py:92  :  [epcho][ 19]: loss is 319339.3482
2024-03-14 16:52:21,239 INFO work1_realworld.py:92  :  [epcho][ 20]: loss is 332749.7000
2024-03-14 16:52:21,594 INFO work1_realworld.py:92  :  [epcho][ 21]: loss is 340790.4793
2024-03-14 16:52:21,980 INFO work1_realworld.py:92  :  [epcho][ 22]: loss is 346102.1067
2024-03-14 16:52:22,338 INFO work1_realworld.py:92  :  [epcho][ 23]: loss is 350832.1578
2024-03-14 16:52:22,660 INFO work1_realworld.py:92  :  [epcho][ 24]: loss is 346921.1189
2024-03-14 16:52:22,984 INFO work1_realworld.py:92  :  [epcho][ 25]: loss is 344584.5020
2024-03-14 16:52:23,330 INFO work1_realworld.py:92  :  [epcho][ 26]: loss is 346889.9434
2024-03-14 16:52:23,664 INFO work1_realworld.py:92  :  [epcho][ 27]: loss is 342588.3166
2024-03-14 16:52:24,003 INFO work1_realworld.py:92  :  [epcho][ 28]: loss is 337337.6556
2024-03-14 16:52:24,378 INFO work1_realworld.py:92  :  [epcho][ 29]: loss is 340884.5927
2024-03-14 16:52:24,733 INFO work1_realworld.py:92  :  [epcho][ 30]: loss is 340553.4126
2024-03-14 16:52:24,734 INFO work1_realworld.py:96  :  The convergence condition meet!!!
2024-03-14 16:52:24,912 INFO work1_realworld.py:116  :  [[2.32286996 0.46153846 0.         0.29268293 0.         0.
  0.30769231 4.15384615 0.         0.        ]
 [2.34977578 0.15384615 0.         0.24390244 0.         0.
  0.15384615 2.61538462 0.         0.        ]
 [2.07174888 0.23076923 0.         0.09756098 0.         0.
  0.15384615 3.69230769 0.         0.        ]
 [2.55605381 0.15384615 0.         0.43902439 0.         0.
  0.15384615 3.23076923 0.         0.        ]
 [2.44843049 0.23076923 0.         0.14634146 0.         0.
  0.21538462 4.76923077 0.         0.        ]
 [2.52017937 0.53846154 0.         0.04878049 0.         0.
  0.09230769 3.23076923 0.         0.        ]
 [2.17040359 0.07692308 0.         0.14634146 0.         0.
  0.21538462 1.84615385 0.         0.        ]
 [2.2690583  0.15384615 0.         0.24390244 0.         0.
  0.06153846 2.46153846 0.         0.        ]
 [2.53811659 0.15384615 0.         0.48780488 0.         0.
  0.12307692 2.92307692 0.         0.        ]
 [2.51121076 0.15384615 0.         0.14634146 0.         0.
  0.06153846 3.53846154 0.         0.        ]]
2024-03-14 16:52:24,915 INFO work1_realworld.py:117  :  [0.7538629805063145, 0.5516755146854679, 0.6246232931456602, 0.6533539740364637, 0.7810156572072796, 0.6430498321540653, 0.4455206589320122, 0.5189883811911595, 0.6225921469977035, 0.641139837959263]
2024-03-14 16:52:24,918 INFO work1_realworld.py:119  :  [[0.01046338 0.01846154 0.         0.00731707 0.         0.
  0.00480769 0.34615385 0.         0.        ]
 [0.01058458 0.00615385 0.         0.00609756 0.         0.
  0.00240385 0.21794872 0.         0.        ]
 [0.0093322  0.00923077 0.         0.00243902 0.         0.
  0.00240385 0.30769231 0.         0.        ]
 [0.01151376 0.00615385 0.         0.01097561 0.         0.
  0.00240385 0.26923077 0.         0.        ]
 [0.01102897 0.00923077 0.         0.00365854 0.         0.
  0.00336538 0.3974359  0.         0.        ]
 [0.01135216 0.02153846 0.         0.00121951 0.         0.
  0.00144231 0.26923077 0.         0.        ]
 [0.00977659 0.00307692 0.         0.00365854 0.         0.
  0.00336538 0.15384615 0.         0.        ]
 [0.01022098 0.00615385 0.         0.00609756 0.         0.
  0.00096154 0.20512821 0.         0.        ]
 [0.01143296 0.00615385 0.         0.01219512 0.         0.
  0.00192308 0.24358974 0.         0.        ]
 [0.01131176 0.00615385 0.         0.00365854 0.         0.
  0.00096154 0.29487179 0.         0.        ]]
2024-03-14 16:52:24,925 INFO work1_realworld.py:158  :  alpha = 0.1, beta = 0.1, gamma = 10
2024-03-14 16:52:25,474 INFO work1_realworld.py:92  :  [epcho][  0]: loss is 1089294.5418
2024-03-14 16:52:25,804 INFO work1_realworld.py:92  :  [epcho][  1]: loss is 1045014.6197
2024-03-14 16:52:26,164 INFO work1_realworld.py:92  :  [epcho][  2]: loss is 1026693.9264
2024-03-14 16:52:26,526 INFO work1_realworld.py:92  :  [epcho][  3]: loss is 1016784.5014
2024-03-14 16:52:26,859 INFO work1_realworld.py:92  :  [epcho][  4]: loss is 1010846.6161
2024-03-14 16:52:27,230 INFO work1_realworld.py:92  :  [epcho][  5]: loss is 1007082.8721
2024-03-14 16:52:27,590 INFO work1_realworld.py:92  :  [epcho][  6]: loss is 1004809.7236
2024-03-14 16:52:27,910 INFO work1_realworld.py:92  :  [epcho][  7]: loss is 1003577.6346
2024-03-14 16:52:28,257 INFO work1_realworld.py:92  :  [epcho][  8]: loss is 1003886.3977
2024-03-14 16:52:28,257 INFO work1_realworld.py:96  :  The convergence condition meet!!!
2024-03-14 16:52:28,428 INFO work1_realworld.py:116  :  [[0.24       0.         2.90748899 0.         0.         0.
  0.29268293 0.46153846 0.         5.14285714]
 [0.16       0.         2.94273128 0.         0.         0.
  0.24390244 0.15384615 0.         4.        ]
 [0.16       0.         2.64317181 0.         0.         0.
  0.09756098 0.23076923 0.         3.71428571]
 [0.16       0.         2.88986784 0.         0.         0.
  0.43902439 0.15384615 0.         3.42857143]
 [0.24       0.         2.95154185 0.         0.         0.
  0.14634146 0.23076923 0.         5.14285714]
 [0.12       0.         3.05726872 0.         0.         0.
  0.04878049 0.53846154 0.         3.71428571]
 [0.28       0.         2.66960352 0.         0.         0.
  0.14634146 0.07692308 0.         2.28571429]
 [0.04       0.         2.82819383 0.         0.         0.
  0.24390244 0.15384615 0.         4.        ]
 [0.16       0.         2.78414097 0.         0.         0.
  0.48780488 0.15384615 0.         3.71428571]
 [0.08       0.         3.13656388 0.         0.         0.
  0.14634146 0.15384615 0.         4.        ]]
2024-03-14 16:52:28,431 INFO work1_realworld.py:117  :  [0.9044567518009015, 0.7500479870403585, 0.6845787726832102, 0.7071309814071178, 0.8711509687261273, 0.7478796463019093, 0.5458582350281073, 0.7265942425469664, 0.7300077715343645, 0.7516751493912771]
2024-03-14 16:52:28,434 INFO work1_realworld.py:119  :  [[4.89795918e-03 0.00000000e+00 1.28649955e-02 0.00000000e+00
  0.00000000e+00 0.00000000e+00 7.31707317e-03 1.84615385e-02
  0.00000000e+00 8.57142857e-01]
 [3.26530612e-03 0.00000000e+00 1.30209349e-02 0.00000000e+00
  0.00000000e+00 0.00000000e+00 6.09756098e-03 6.15384615e-03
  0.00000000e+00 6.66666667e-01]
 [3.26530612e-03 0.00000000e+00 1.16954505e-02 0.00000000e+00
  0.00000000e+00 0.00000000e+00 2.43902439e-03 9.23076923e-03
  0.00000000e+00 6.19047619e-01]
 [3.26530612e-03 0.00000000e+00 1.27870258e-02 0.00000000e+00
  0.00000000e+00 0.00000000e+00 1.09756098e-02 6.15384615e-03
  0.00000000e+00 5.71428571e-01]
 [4.89795918e-03 0.00000000e+00 1.30599197e-02 0.00000000e+00
  0.00000000e+00 0.00000000e+00 3.65853659e-03 9.23076923e-03
  0.00000000e+00 8.57142857e-01]
 [2.44897959e-03 0.00000000e+00 1.35277377e-02 0.00000000e+00
  0.00000000e+00 0.00000000e+00 1.21951220e-03 2.15384615e-02
  0.00000000e+00 6.19047619e-01]
 [5.71428571e-03 0.00000000e+00 1.18124050e-02 0.00000000e+00
  0.00000000e+00 0.00000000e+00 3.65853659e-03 3.07692308e-03
  0.00000000e+00 3.80952381e-01]
 [8.16326531e-04 0.00000000e+00 1.25141320e-02 0.00000000e+00
  0.00000000e+00 0.00000000e+00 6.09756098e-03 6.15384615e-03
  0.00000000e+00 6.66666667e-01]
 [3.26530612e-03 0.00000000e+00 1.23192078e-02 0.00000000e+00
  0.00000000e+00 0.00000000e+00 1.21951220e-02 6.15384615e-03
  0.00000000e+00 6.19047619e-01]
 [1.63265306e-03 0.00000000e+00 1.38786012e-02 0.00000000e+00
  0.00000000e+00 0.00000000e+00 3.65853659e-03 6.15384615e-03
  0.00000000e+00 6.66666667e-01]]
2024-03-14 16:52:28,442 INFO work1_realworld.py:158  :  alpha = 0.1, beta = 1, gamma = 0.1
2024-03-14 16:52:29,019 INFO work1_realworld.py:92  :  [epcho][  0]: loss is 163265.3415
2024-03-14 16:52:29,376 INFO work1_realworld.py:92  :  [epcho][  1]: loss is 117825.5887
2024-03-14 16:52:29,734 INFO work1_realworld.py:92  :  [epcho][  2]: loss is 98694.6941
2024-03-14 16:52:30,090 INFO work1_realworld.py:92  :  [epcho][  3]: loss is 88207.7291
2024-03-14 16:52:30,446 INFO work1_realworld.py:92  :  [epcho][  4]: loss is 81758.7655
2024-03-14 16:52:30,791 INFO work1_realworld.py:92  :  [epcho][  5]: loss is 77935.3121
2024-03-14 16:52:31,173 INFO work1_realworld.py:92  :  [epcho][  6]: loss is 76015.6240
2024-03-14 16:52:31,519 INFO work1_realworld.py:92  :  [epcho][  7]: loss is 76023.7021
2024-03-14 16:52:31,519 INFO work1_realworld.py:96  :  The convergence condition meet!!!
2024-03-14 16:52:31,692 INFO work1_realworld.py:116  :  [[0.22222222 3.83333333 2.8440367  0.         0.         0.
  0.29268293 0.         0.         0.46153846]
 [0.14814815 2.83333333 2.88990826 0.         0.         0.
  0.24390244 0.         0.         0.15384615]
 [0.14814815 3.83333333 2.55045872 0.         0.         0.
  0.09756098 0.         0.         0.23076923]
 [0.14814815 3.5        2.88990826 0.         0.         0.
  0.43902439 0.         0.         0.15384615]
 [0.22222222 4.66666667 2.95412844 0.         0.         0.
  0.14634146 0.         0.         0.23076923]
 [0.11111111 2.83333333 3.05504587 0.         0.         0.
  0.04878049 0.         0.         0.53846154]
 [0.25925926 2.         2.66972477 0.         0.         0.
  0.14634146 0.         0.         0.07692308]
 [0.03703704 2.66666667 2.79816514 0.         0.         0.
  0.24390244 0.         0.         0.15384615]
 [0.14814815 3.         2.78899083 0.         0.         0.
  0.48780488 0.         0.         0.15384615]
 [0.07407407 3.5        3.09174312 0.         0.         0.
  0.14634146 0.         0.         0.15384615]]
2024-03-14 16:52:31,695 INFO work1_realworld.py:117  :  [0.7653813641170997, 0.6269138331232763, 0.6860270403456802, 0.7130926949118941, 0.8220128023439729, 0.6586732342270498, 0.5152248570239175, 0.5899617434188931, 0.657879000573116, 0.6966004810600921]
2024-03-14 16:52:31,698 INFO work1_realworld.py:119  :  [[0.00419287 0.34848485 0.01310616 0.         0.         0.
  0.00731707 0.         0.         0.01846154]
 [0.00279525 0.25757576 0.01331755 0.         0.         0.
  0.00609756 0.         0.         0.00615385]
 [0.00279525 0.34848485 0.01175327 0.         0.         0.
  0.00243902 0.         0.         0.00923077]
 [0.00279525 0.31818182 0.01331755 0.         0.         0.
  0.01097561 0.         0.         0.00615385]
 [0.00419287 0.42424242 0.0136135  0.         0.         0.
  0.00365854 0.         0.         0.00923077]
 [0.00209644 0.25757576 0.01407855 0.         0.         0.
  0.00121951 0.         0.         0.02153846]
 [0.00489168 0.18181818 0.01230288 0.         0.         0.
  0.00365854 0.         0.         0.00307692]
 [0.00069881 0.24242424 0.01289477 0.         0.         0.
  0.00609756 0.         0.         0.00615385]
 [0.00279525 0.27272727 0.01285249 0.         0.         0.
  0.01219512 0.         0.         0.00615385]
 [0.00139762 0.31818182 0.01424766 0.         0.         0.
  0.00365854 0.         0.         0.00615385]]
2024-03-14 16:52:31,706 INFO work1_realworld.py:158  :  alpha = 0.1, beta = 1, gamma = 1
2024-03-14 16:52:32,272 INFO work1_realworld.py:92  :  [epcho][  0]: loss is 248188.2226
2024-03-14 16:52:32,603 INFO work1_realworld.py:92  :  [epcho][  1]: loss is 202743.0849
2024-03-14 16:52:32,938 INFO work1_realworld.py:92  :  [epcho][  2]: loss is 183619.2367
2024-03-14 16:52:33,284 INFO work1_realworld.py:92  :  [epcho][  3]: loss is 173086.3424
2024-03-14 16:52:33,666 INFO work1_realworld.py:92  :  [epcho][  4]: loss is 166646.2961
2024-03-14 16:52:34,019 INFO work1_realworld.py:92  :  [epcho][  5]: loss is 162718.8137
2024-03-14 16:52:34,361 INFO work1_realworld.py:92  :  [epcho][  6]: loss is 160928.8757
2024-03-14 16:52:34,697 INFO work1_realworld.py:92  :  [epcho][  7]: loss is 160587.1186
2024-03-14 16:52:35,036 INFO work1_realworld.py:92  :  [epcho][  8]: loss is 161607.1668
2024-03-14 16:52:35,381 INFO work1_realworld.py:92  :  [epcho][  9]: loss is 164792.0517
2024-03-14 16:52:35,717 INFO work1_realworld.py:92  :  [epcho][ 10]: loss is 171340.9812
2024-03-14 16:52:36,080 INFO work1_realworld.py:92  :  [epcho][ 11]: loss is 182219.1785
2024-03-14 16:52:36,430 INFO work1_realworld.py:92  :  [epcho][ 12]: loss is 197245.5151
2024-03-14 16:52:36,755 INFO work1_realworld.py:92  :  [epcho][ 13]: loss is 209339.4292
2024-03-14 16:52:37,111 INFO work1_realworld.py:92  :  [epcho][ 14]: loss is 221540.4836
2024-03-14 16:52:37,483 INFO work1_realworld.py:92  :  [epcho][ 15]: loss is 242959.8804
2024-03-14 16:52:37,827 INFO work1_realworld.py:92  :  [epcho][ 16]: loss is 257292.6232
2024-03-14 16:52:38,180 INFO work1_realworld.py:92  :  [epcho][ 17]: loss is 271638.1014
2024-03-14 16:52:38,558 INFO work1_realworld.py:92  :  [epcho][ 18]: loss is 284274.9128
2024-03-14 16:52:38,901 INFO work1_realworld.py:92  :  [epcho][ 19]: loss is 291978.2017
2024-03-14 16:52:39,263 INFO work1_realworld.py:92  :  [epcho][ 20]: loss is 299203.8680
2024-03-14 16:52:39,645 INFO work1_realworld.py:92  :  [epcho][ 21]: loss is 302712.8272
2024-03-14 16:52:40,028 INFO work1_realworld.py:92  :  [epcho][ 22]: loss is 302882.6037
2024-03-14 16:52:40,029 INFO work1_realworld.py:96  :  The convergence condition meet!!!
2024-03-14 16:52:40,202 INFO work1_realworld.py:116  :  [[0.         2.54545455 3.83333333 2.97959184 0.29268293 0.
  0.         0.66666667 0.         0.        ]
 [0.         3.6969697  2.83333333 2.81632653 0.24390244 0.
  0.         0.22222222 0.         0.        ]
 [0.         3.51515152 3.83333333 2.62857143 0.09756098 0.
  0.         0.37037037 0.         0.        ]
 [0.         2.84848485 3.5        2.90612245 0.43902439 0.
  0.         0.22222222 0.         0.        ]
 [0.         2.96969697 4.66666667 2.88979592 0.14634146 0.
  0.         0.22222222 0.         0.        ]
 [0.         3.27272727 2.83333333 3.09387755 0.04878049 0.
  0.         0.51851852 0.         0.        ]
 [0.         3.33333333 2.         2.69387755 0.14634146 0.
  0.         0.14814815 0.         0.        ]
 [0.         2.90909091 2.66666667 2.76734694 0.24390244 0.
  0.         0.14814815 0.         0.        ]
 [0.         3.57575758 3.         2.73469388 0.48780488 0.
  0.         0.44444444 0.         0.        ]
 [0.         4.18181818 3.5        2.75918367 0.14634146 0.
  0.         0.44444444 0.         0.        ]]
2024-03-14 16:52:40,205 INFO work1_realworld.py:117  :  [1.0317729309018508, 0.9812754222161889, 1.0444987623036408, 0.9915853909930566, 1.089472324036784, 0.9767237163404415, 0.8321700495916527, 0.8735155101705627, 1.0242700775801823, 1.1031787763146652]
2024-03-14 16:52:40,208 INFO work1_realworld.py:119  :  [[0.         0.07954545 0.34848485 0.01221144 0.00731707 0.
  0.         0.02564103 0.         0.        ]
 [0.         0.1155303  0.25757576 0.01154232 0.00609756 0.
  0.         0.00854701 0.         0.        ]
 [0.         0.10984848 0.34848485 0.01077283 0.00243902 0.
  0.         0.01424501 0.         0.        ]
 [0.         0.08901515 0.31818182 0.01191034 0.01097561 0.
  0.         0.00854701 0.         0.        ]
 [0.         0.09280303 0.42424242 0.01184343 0.00365854 0.
  0.         0.00854701 0.         0.        ]
 [0.         0.10227273 0.25757576 0.01267983 0.00121951 0.
  0.         0.01994302 0.         0.        ]
 [0.         0.10416667 0.18181818 0.01104048 0.00365854 0.
  0.         0.00569801 0.         0.        ]
 [0.         0.09090909 0.24242424 0.01134159 0.00609756 0.
  0.         0.00569801 0.         0.        ]
 [0.         0.11174242 0.27272727 0.01120776 0.01219512 0.
  0.         0.01709402 0.         0.        ]
 [0.         0.13068182 0.31818182 0.01130813 0.00365854 0.
  0.         0.01709402 0.         0.        ]]
2024-03-14 16:52:40,216 INFO work1_realworld.py:158  :  alpha = 0.1, beta = 1, gamma = 10
2024-03-14 16:52:40,764 INFO work1_realworld.py:92  :  [epcho][  0]: loss is 1097285.4720
2024-03-14 16:52:41,152 INFO work1_realworld.py:92  :  [epcho][  1]: loss is 1051669.5575
2024-03-14 16:52:41,504 INFO work1_realworld.py:92  :  [epcho][  2]: loss is 1032307.8021
2024-03-14 16:52:41,848 INFO work1_realworld.py:92  :  [epcho][  3]: loss is 1021562.0926
2024-03-14 16:52:42,225 INFO work1_realworld.py:92  :  [epcho][  4]: loss is 1014771.9793
2024-03-14 16:52:42,602 INFO work1_realworld.py:92  :  [epcho][  5]: loss is 1010223.7559
2024-03-14 16:52:42,938 INFO work1_realworld.py:92  :  [epcho][  6]: loss is 1007879.9394
2024-03-14 16:52:43,281 INFO work1_realworld.py:92  :  [epcho][  7]: loss is 1007350.5236
2024-03-14 16:52:43,281 INFO work1_realworld.py:96  :  The convergence condition meet!!!
2024-03-14 16:52:43,458 INFO work1_realworld.py:116  :  [[4.15384615 0.         0.         0.28571429 2.87068966 0.
  0.51851852 0.21818182 0.         0.        ]
 [2.61538462 0.         0.         0.23809524 2.75862069 0.
  0.14814815 0.14545455 0.         0.        ]
 [3.69230769 0.         0.         0.0952381  2.62931034 0.
  0.37037037 0.18181818 0.         0.        ]
 [3.23076923 0.         0.         0.42857143 2.81034483 0.
  0.2962963  0.18181818 0.         0.        ]
 [4.76923077 0.         0.         0.14285714 2.98275862 0.
  0.22222222 0.29090909 0.         0.        ]
 [3.23076923 0.         0.         0.04761905 2.97413793 0.
  0.59259259 0.14545455 0.         0.        ]
 [1.84615385 0.         0.         0.14285714 2.64655172 0.
  0.07407407 0.25454545 0.         0.        ]
 [2.46153846 0.         0.         0.23809524 2.77586207 0.
  0.2962963  0.03636364 0.         0.        ]
 [2.92307692 0.         0.         0.47619048 2.81034483 0.
  0.22222222 0.18181818 0.         0.        ]
 [3.53846154 0.         0.         0.14285714 2.96551724 0.
  0.2962963  0.07272727 0.         0.        ]]
2024-03-14 16:52:43,461 INFO work1_realworld.py:117  :  [0.8046950431433189, 0.5905703236737718, 0.6969044684561925, 0.6947799965041345, 0.8407977845908882, 0.69905733474699, 0.4964182241768448, 0.580815570125915, 0.6613652630894009, 0.701585949172156]
2024-03-14 16:52:43,464 INFO work1_realworld.py:119  :  [[0.34615385 0.         0.         0.00696864 0.01242723 0.
  0.01994302 0.0040404  0.         0.        ]
 [0.21794872 0.         0.         0.0058072  0.01194208 0.
  0.00569801 0.0026936  0.         0.        ]
 [0.30769231 0.         0.         0.00232288 0.0113823  0.
  0.01424501 0.003367   0.         0.        ]
 [0.26923077 0.         0.         0.01045296 0.01216599 0.
  0.01139601 0.003367   0.         0.        ]
 [0.3974359  0.         0.         0.00348432 0.01291237 0.
  0.00854701 0.00538721 0.         0.        ]
 [0.26923077 0.         0.         0.00116144 0.01287506 0.
  0.02279202 0.0026936  0.         0.        ]
 [0.15384615 0.         0.         0.00348432 0.01145693 0.
  0.002849   0.0047138  0.         0.        ]
 [0.20512821 0.         0.         0.0058072  0.01201672 0.
  0.01139601 0.0006734  0.         0.        ]
 [0.24358974 0.         0.         0.0116144  0.01216599 0.
  0.00854701 0.003367   0.         0.        ]
 [0.29487179 0.         0.         0.00348432 0.01283774 0.
  0.01139601 0.0013468  0.         0.        ]]
2024-03-14 16:52:43,472 INFO work1_realworld.py:158  :  alpha = 0.1, beta = 10, gamma = 0.1
2024-03-14 16:52:44,065 INFO work1_realworld.py:92  :  [epcho][  0]: loss is 241991.4107
2024-03-14 16:52:44,434 INFO work1_realworld.py:92  :  [epcho][  1]: loss is 181535.8723
2024-03-14 16:52:44,773 INFO work1_realworld.py:92  :  [epcho][  2]: loss is 151326.8323
2024-03-14 16:52:45,143 INFO work1_realworld.py:92  :  [epcho][  3]: loss is 131167.2488
2024-03-14 16:52:45,481 INFO work1_realworld.py:92  :  [epcho][  4]: loss is 116212.2887
2024-03-14 16:52:45,817 INFO work1_realworld.py:92  :  [epcho][  5]: loss is 107971.9289
2024-03-14 16:52:46,209 INFO work1_realworld.py:92  :  [epcho][  6]: loss is 107997.2733
2024-03-14 16:52:46,210 INFO work1_realworld.py:96  :  The convergence condition meet!!!
2024-03-14 16:52:46,386 INFO work1_realworld.py:116  :  [[2.8        0.         0.         0.         0.53846154 1.59183673
  0.         0.29268293 3.16666667 4.15384615]
 [2.69565217 0.         0.         0.         0.15384615 1.55102041
  0.         0.24390244 3.33333333 2.61538462]
 [2.46956522 0.         0.         0.         0.38461538 0.89795918
  0.         0.09756098 3.         3.69230769]
 [2.7826087  0.         0.         0.         0.30769231 1.63265306
  0.         0.43902439 2.83333333 3.23076923]
 [2.86956522 0.         0.         0.         0.23076923 1.26530612
  0.         0.14634146 2.66666667 4.76923077]
 [2.85217391 0.         0.         0.         0.61538462 1.51020408
  0.         0.04878049 2.5        3.23076923]
 [2.49565217 0.         0.         0.         0.07692308 1.67346939
  0.         0.14634146 3.         1.84615385]
 [2.69565217 0.         0.         0.         0.30769231 1.3877551
  0.         0.24390244 1.83333333 2.46153846]
 [2.70434783 0.         0.         0.         0.23076923 1.34693878
  0.         0.48780488 3.16666667 2.92307692]
 [2.91304348 0.         0.         0.         0.30769231 1.3877551
  0.         0.14634146 3.66666667 3.53846154]]
2024-03-14 16:52:46,389 INFO work1_realworld.py:117  :  [1.2543494020497503, 1.05931391236648, 1.0542008453597607, 1.1226081018915437, 1.1947879469921585, 1.0757312328634854, 0.9238539948159701, 0.8929873817542351, 1.085960430015876, 1.195996055653683]
2024-03-14 16:52:46,392 INFO work1_realworld.py:119  :  [[0.01222707 0.         0.         0.         0.02153846 0.03316327
  0.         0.00731707 0.28787879 0.34615385]
 [0.01177141 0.         0.         0.         0.00615385 0.03231293
  0.         0.00609756 0.3030303  0.21794872]
 [0.01078413 0.         0.         0.         0.01538462 0.01870748
  0.         0.00243902 0.27272727 0.30769231]
 [0.01215113 0.         0.         0.         0.01230769 0.03401361
  0.         0.01097561 0.25757576 0.26923077]
 [0.01253085 0.         0.         0.         0.00923077 0.02636054
  0.         0.00365854 0.24242424 0.3974359 ]
 [0.01245491 0.         0.         0.         0.02461538 0.03146259
  0.         0.00121951 0.22727273 0.26923077]
 [0.01089804 0.         0.         0.         0.00307692 0.03486395
  0.         0.00365854 0.27272727 0.15384615]
 [0.01177141 0.         0.         0.         0.01230769 0.02891156
  0.         0.00609756 0.16666667 0.20512821]
 [0.01180938 0.         0.         0.         0.00923077 0.02806122
  0.         0.01219512 0.28787879 0.24358974]
 [0.01272071 0.         0.         0.         0.01230769 0.02891156
  0.         0.00365854 0.33333333 0.29487179]]
2024-03-14 16:52:46,400 INFO work1_realworld.py:158  :  alpha = 0.1, beta = 10, gamma = 1
2024-03-14 16:52:46,978 INFO work1_realworld.py:92  :  [epcho][  0]: loss is 326914.2096
2024-03-14 16:52:47,335 INFO work1_realworld.py:92  :  [epcho][  1]: loss is 266454.8477
2024-03-14 16:52:47,689 INFO work1_realworld.py:92  :  [epcho][  2]: loss is 236242.3256
2024-03-14 16:52:48,028 INFO work1_realworld.py:92  :  [epcho][  3]: loss is 216095.2202
2024-03-14 16:52:48,379 INFO work1_realworld.py:92  :  [epcho][  4]: loss is 201356.3618
2024-03-14 16:52:48,757 INFO work1_realworld.py:92  :  [epcho][  5]: loss is 192594.4350
2024-03-14 16:52:49,116 INFO work1_realworld.py:92  :  [epcho][  6]: loss is 192806.3806
2024-03-14 16:52:49,445 INFO work1_realworld.py:92  :  [epcho][  7]: loss is 191605.0382
2024-03-14 16:52:49,801 INFO work1_realworld.py:92  :  [epcho][  8]: loss is 195622.1000
2024-03-14 16:52:50,179 INFO work1_realworld.py:92  :  [epcho][  9]: loss is 201928.1405
2024-03-14 16:52:50,501 INFO work1_realworld.py:92  :  [epcho][ 10]: loss is 209168.4961
2024-03-14 16:52:50,861 INFO work1_realworld.py:92  :  [epcho][ 11]: loss is 224487.8441
2024-03-14 16:52:51,222 INFO work1_realworld.py:92  :  [epcho][ 12]: loss is 246591.8734
2024-03-14 16:52:51,562 INFO work1_realworld.py:92  :  [epcho][ 13]: loss is 277266.7888
2024-03-14 16:52:51,912 INFO work1_realworld.py:92  :  [epcho][ 14]: loss is 295235.0335
2024-03-14 16:52:52,268 INFO work1_realworld.py:92  :  [epcho][ 15]: loss is 308427.7620
2024-03-14 16:52:52,642 INFO work1_realworld.py:92  :  [epcho][ 16]: loss is 329841.7546
2024-03-14 16:52:52,998 INFO work1_realworld.py:92  :  [epcho][ 17]: loss is 339742.3449
2024-03-14 16:52:53,354 INFO work1_realworld.py:92  :  [epcho][ 18]: loss is 344984.2855
2024-03-14 16:52:53,712 INFO work1_realworld.py:92  :  [epcho][ 19]: loss is 347129.0305
2024-03-14 16:52:54,079 INFO work1_realworld.py:92  :  [epcho][ 20]: loss is 349076.4252
2024-03-14 16:52:54,437 INFO work1_realworld.py:92  :  [epcho][ 21]: loss is 352793.6139
2024-03-14 16:52:54,778 INFO work1_realworld.py:92  :  [epcho][ 22]: loss is 357614.0789
2024-03-14 16:52:55,179 INFO work1_realworld.py:92  :  [epcho][ 23]: loss is 352687.2828
2024-03-14 16:52:55,540 INFO work1_realworld.py:92  :  [epcho][ 24]: loss is 353340.4837
2024-03-14 16:52:55,905 INFO work1_realworld.py:92  :  [epcho][ 25]: loss is 355966.0283
2024-03-14 16:52:56,288 INFO work1_realworld.py:92  :  [epcho][ 26]: loss is 352496.7982
2024-03-14 16:52:56,633 INFO work1_realworld.py:92  :  [epcho][ 27]: loss is 352342.7175
2024-03-14 16:52:56,633 INFO work1_realworld.py:96  :  The convergence condition meet!!!
2024-03-14 16:52:56,806 INFO work1_realworld.py:116  :  [[3.23134328 0.         0.         1.42857143 0.29268293 0.
  4.15384615 2.11111111 0.         0.        ]
 [3.01492537 0.         0.         0.64285714 0.24390244 0.
  2.61538462 2.22222222 0.         0.        ]
 [2.97761194 0.         0.         1.07142857 0.09756098 0.
  3.69230769 2.         0.         0.        ]
 [3.14925373 0.         0.         1.         0.43902439 0.
  3.23076923 1.88888889 0.         0.        ]
 [3.37313433 0.         0.         0.28571429 0.14634146 0.
  4.76923077 1.77777778 0.         0.        ]
 [3.2761194  0.         0.         0.78571429 0.04878049 0.
  3.23076923 1.66666667 0.         0.        ]
 [2.92537313 0.         0.         0.64285714 0.14634146 0.
  1.84615385 2.         0.         0.        ]
 [3.08955224 0.         0.         0.71428571 0.24390244 0.
  2.46153846 1.22222222 0.         0.        ]
 [3.08955224 0.         0.         0.71428571 0.48780488 0.
  2.92307692 2.11111111 0.         0.        ]
 [3.15671642 0.         0.         1.14285714 0.14634146 0.
  3.53846154 2.44444444 0.         0.        ]]
2024-03-14 16:52:56,809 INFO work1_realworld.py:117  :  [1.1217554903940052, 0.87392917926227, 0.9838909179644528, 0.9707936241245306, 1.0352198624495679, 0.9008050073940137, 0.7560725586753982, 0.773150107587676, 0.93258308653285, 1.042882100708821]
2024-03-14 16:52:56,812 INFO work1_realworld.py:119  :  [[0.01210241 0.         0.         0.05291005 0.00731707 0.
  0.34615385 0.12418301 0.         0.        ]
 [0.01129186 0.         0.         0.02380952 0.00609756 0.
  0.21794872 0.13071895 0.         0.        ]
 [0.0111521  0.         0.         0.03968254 0.00243902 0.
  0.30769231 0.11764706 0.         0.        ]
 [0.01179496 0.         0.         0.03703704 0.01097561 0.
  0.26923077 0.11111111 0.         0.        ]
 [0.01263346 0.         0.         0.01058201 0.00365854 0.
  0.3974359  0.10457516 0.         0.        ]
 [0.01227011 0.         0.         0.02910053 0.00121951 0.
  0.26923077 0.09803922 0.         0.        ]
 [0.01095645 0.         0.         0.02380952 0.00365854 0.
  0.15384615 0.11764706 0.         0.        ]
 [0.01157136 0.         0.         0.02645503 0.00609756 0.
  0.20512821 0.07189542 0.         0.        ]
 [0.01157136 0.         0.         0.02645503 0.01219512 0.
  0.24358974 0.12418301 0.         0.        ]
 [0.01182291 0.         0.         0.04232804 0.00365854 0.
  0.29487179 0.14379085 0.         0.        ]]
2024-03-14 16:52:56,820 INFO work1_realworld.py:158  :  alpha = 0.1, beta = 10, gamma = 10
2024-03-14 16:52:57,378 INFO work1_realworld.py:92  :  [epcho][  0]: loss is 1176141.2423
2024-03-14 16:52:57,722 INFO work1_realworld.py:92  :  [epcho][  1]: loss is 1115627.7070
2024-03-14 16:52:58,064 INFO work1_realworld.py:92  :  [epcho][  2]: loss is 1085356.8054
2024-03-14 16:52:58,413 INFO work1_realworld.py:92  :  [epcho][  3]: loss is 1064439.2896
2024-03-14 16:52:58,785 INFO work1_realworld.py:92  :  [epcho][  4]: loss is 1049737.1698
2024-03-14 16:52:59,149 INFO work1_realworld.py:92  :  [epcho][  5]: loss is 1042099.1160
2024-03-14 16:52:59,469 INFO work1_realworld.py:92  :  [epcho][  6]: loss is 1041061.3222
2024-03-14 16:52:59,469 INFO work1_realworld.py:96  :  The convergence condition meet!!!
2024-03-14 16:52:59,648 INFO work1_realworld.py:116  :  [[1.69230769 1.80952381 0.         0.29268293 0.         2.79828326
  0.         1.6        0.         3.83333333]
 [1.58974359 1.9047619  0.         0.24390244 0.         2.6695279
  0.         0.72       0.         2.83333333]
 [0.97435897 1.71428571 0.         0.09756098 0.         2.51502146
  0.         1.2        0.         3.83333333]
 [1.84615385 1.61904762 0.         0.43902439 0.         2.72103004
  0.         1.12       0.         3.5       ]
 [1.28205128 1.52380952 0.         0.14634146 0.         2.81545064
  0.         0.32       0.         4.66666667]
 [1.58974359 1.42857143 0.         0.04878049 0.         2.84120172
  0.         0.88       0.         2.83333333]
 [1.84615385 1.71428571 0.         0.14634146 0.         2.51502146
  0.         0.72       0.         2.        ]
 [1.43589744 1.04761905 0.         0.24390244 0.         2.69527897
  0.         0.8        0.         2.66666667]
 [1.38461538 1.80952381 0.         0.48780488 0.         2.74678112
  0.         0.8        0.         3.        ]
 [1.28205128 2.0952381  0.         0.14634146 0.         2.79828326
  0.         1.28       0.         3.5       ]]
2024-03-14 16:52:59,651 INFO work1_realworld.py:117  :  [1.2026131023796682, 0.9961269163858926, 1.0334560456815247, 1.1245255898363822, 1.0754319579718934, 0.9621630556191428, 0.8941802483081662, 0.8889364559164623, 1.0228725188067802, 1.1101914102506587]
2024-03-14 16:52:59,654 INFO work1_realworld.py:119  :  [[0.04453441 0.09047619 0.         0.00731707 0.         0.01206157
  0.         0.06666667 0.         0.34848485]
 [0.04183536 0.0952381  0.         0.00609756 0.         0.01150659
  0.         0.03       0.         0.25757576]
 [0.02564103 0.08571429 0.         0.00243902 0.         0.01084061
  0.         0.05       0.         0.34848485]
 [0.048583   0.08095238 0.         0.01097561 0.         0.01172858
  0.         0.04666667 0.         0.31818182]
 [0.03373819 0.07619048 0.         0.00365854 0.         0.01213556
  0.         0.01333333 0.         0.42424242]
 [0.04183536 0.07142857 0.         0.00121951 0.         0.01224656
  0.         0.03666667 0.         0.25757576]
 [0.048583   0.08571429 0.         0.00365854 0.         0.01084061
  0.         0.03       0.         0.18181818]
 [0.03778677 0.05238095 0.         0.00609756 0.         0.01161758
  0.         0.03333333 0.         0.24242424]
 [0.03643725 0.09047619 0.         0.01219512 0.         0.01183957
  0.         0.03333333 0.         0.27272727]
 [0.03373819 0.1047619  0.         0.00365854 0.         0.01206157
  0.         0.05333333 0.         0.31818182]]
2024-03-14 16:52:59,662 INFO work1_realworld.py:158  :  alpha = 1, beta = 0.1, gamma = 0.1
2024-03-14 16:53:00,236 INFO work1_realworld.py:92  :  [epcho][  0]: loss is 160874.6777
2024-03-14 16:53:00,589 INFO work1_realworld.py:92  :  [epcho][  1]: loss is 116962.9540
2024-03-14 16:53:00,937 INFO work1_realworld.py:92  :  [epcho][  2]: loss is 98147.2625
2024-03-14 16:53:01,281 INFO work1_realworld.py:92  :  [epcho][  3]: loss is 88823.9290
2024-03-14 16:53:01,648 INFO work1_realworld.py:92  :  [epcho][  4]: loss is 83601.6650
2024-03-14 16:53:01,981 INFO work1_realworld.py:92  :  [epcho][  5]: loss is 80556.6464
2024-03-14 16:53:02,303 INFO work1_realworld.py:92  :  [epcho][  6]: loss is 80483.6190
2024-03-14 16:53:02,303 INFO work1_realworld.py:96  :  The convergence condition meet!!!
2024-03-14 16:53:02,495 INFO work1_realworld.py:116  :  [[0.         2.         0.         0.29268293 0.         2.72888889
  0.         1.6        0.         3.83333333]
 [0.04545455 2.16666667 0.         0.24390244 0.         2.56888889
  0.         0.72       0.         2.83333333]
 [0.04545455 2.08333333 0.         0.09756098 0.         2.36444444
  0.         1.2        0.         3.83333333]
 [0.09090909 1.5        0.         0.43902439 0.         2.55111111
  0.         1.12       0.         3.5       ]
 [0.09090909 1.83333333 0.         0.14634146 0.         2.69333333
  0.         0.32       0.         4.66666667]
 [0.09090909 2.         0.         0.04878049 0.         2.76444444
  0.         0.88       0.         2.83333333]
 [0.         2.         0.         0.14634146 0.         2.46222222
  0.         0.72       0.         2.        ]
